MSDL-JCI Fixed Run - 2026-09-30
============================================================

source: SQLite → /home/jwjooth/project/msdl-jci/database/main_database.db

rows: 1852 | samples: 1820 | X_tech: (1820, 28, 7)
range: 2018-05-31 → 2025-12-12 | pos_rate: 0.553

/home/jwjooth/project/msdl-jci/.venv/lib/python3.12/site-packages/torch/nn/modules/rnn.py:1011: UserWarning: dropout option adds dropout after all but last recurrent layer, so non-zero dropout expects num_layers greater than 1, but got dropout=0.2 and num_layers=1
  super().__init__("LSTM", *args, **kwargs)

Model eval: prob=1.0000

/home/jwjooth/project/msdl-jci/.venv/lib/python3.12/site-packages/torch/nn/modules/rnn.py:1011: UserWarning: dropout option adds dropout after all but last recurrent layer, so non-zero dropout expects num_layers greater than 1, but got dropout=0.2 and num_layers=1
  super().__init__("LSTM", *args, **kwargs)

/home/jwjooth/project/msdl-jci/.venv/lib/python3.12/site-packages/torch/nn/modules/rnn.py:1011: UserWarning: dropout option adds dropout after all but last recurrent layer, so non-zero dropout expects num_layers greater than 1, but got dropout=0.2 and num_layers=1
  super().__init__("LSTM", *args, **kwargs)

/home/jwjooth/project/msdl-jci/.venv/lib/python3.12/site-packages/torch/nn/modules/rnn.py:1011: UserWarning: dropout option adds dropout after all but last recurrent layer, so non-zero dropout expects num_layers greater than 1, but got dropout=0.2 and num_layers=1
  super().__init__("LSTM", *args, **kwargs)

/home/jwjooth/project/msdl-jci/.venv/lib/python3.12/site-packages/torch/nn/modules/rnn.py:1011: UserWarning: dropout option adds dropout after all but last recurrent layer, so non-zero dropout expects num_layers greater than 1, but got dropout=0.2 and num_layers=1
  super().__init__("LSTM", *args, **kwargs)

Walk-forward: auc=0.4730, acc=0.5146, f1=0.6619
  Fold 0: AUC=0.4386, Acc=0.5000, F1=0.6667 (n=260)
  Fold 1: AUC=0.5258, Acc=0.5654, F1=0.7224 (n=260)
  Fold 2: AUC=0.5137, Acc=0.5269, F1=0.6902 (n=260)
  Fold 3: AUC=0.6107, Acc=0.5385, F1=0.7000 (n=260)
  Fold 4: AUC=0.4954, Acc=0.3651, F1=0.0000 (n=126)

tensor shapes: (1820, 28, 7) (1820, 3) (1820, 64)

Fold | AUC     | Acc     | F1      | Samples
------|---------|---------|---------|--------
  0   | 0.4386 | 0.5000 | 0.6667 | 260
  1   | 0.5258 | 0.5654 | 0.7224 | 260
  2   | 0.5137 | 0.5269 | 0.6902 | 260
  3   | 0.6107 | 0.5385 | 0.7000 | 260
  4   | 0.4954 | 0.3651 | 0.0000 | 126
Mean  | 0.5168 | 0.4992 | 0.5558

Fold | α (Tech) | β (Macro) | γ (News)
------|----------|-----------|---------
  0   | 0.4362    | 0.0830     | 0.4808
  1   | 0.4362    | 0.0830     | 0.4808
  2   | 0.4362    | 0.0830     | 0.4808
  3   | 0.4362    | 0.0830     | 0.4808
  4   | 0.4362    | 0.0830     | 0.4808
  5   | 0.4362    | 0.0830     | 0.4808
  6   | 0.4362    | 0.0830     | 0.4808
  7   | 0.4362    | 0.0830     | 0.4808
  8   | 0.4362    | 0.0830     | 0.4808
  9   | 0.4362    | 0.0830     | 0.4808
  10   | 0.4362    | 0.0830     | 0.4808
  11   | 0.4362    | 0.0830     | 0.4808
  12   | 0.4362    | 0.0830     | 0.4808
  13   | 0.4362    | 0.0830     | 0.4808
  14   | 0.4362    | 0.0830     | 0.4808
  15   | 0.4362    | 0.0830     | 0.4808
  16   | 0.4362    | 0.0830     | 0.4808
  17   | 0.4362    | 0.0830     | 0.4808
  18   | 0.4362    | 0.0830     | 0.4808
  19   | 0.4362    | 0.0830     | 0.4808
  20   | 0.4362    | 0.0830     | 0.4808
  21   | 0.4362    | 0.0830     | 0.4808
  22   | 0.4362    | 0.0830     | 0.4808
  23   | 0.4203    | 0.1606     | 0.4191
  24   | 0.4322    | 0.0864     | 0.4814
  25   | 0.4328    | 0.0847     | 0.4825
  26   | 0.4330    | 0.0845     | 0.4825
  27   | 0.4330    | 0.0845     | 0.4825
  28   | 0.4330    | 0.0845     | 0.4825
  29   | 0.4330    | 0.0845     | 0.4825
  30   | 0.4330    | 0.0845     | 0.4825
  31   | 0.4330    | 0.0845     | 0.4825
  32   | 0.4330    | 0.0845     | 0.4825
  33   | 0.4330    | 0.0845     | 0.4825
  34   | 0.4330    | 0.0845     | 0.4825
  35   | 0.4330    | 0.0845     | 0.4825
  36   | 0.4330    | 0.0845     | 0.4825
  37   | 0.4330    | 0.0845     | 0.4825
  38   | 0.4330    | 0.0845     | 0.4825
  39   | 0.4330    | 0.0845     | 0.4825
  40   | 0.4330    | 0.0845     | 0.4825
  41   | 0.4330    | 0.0845     | 0.4825
  42   | 0.4330    | 0.0845     | 0.4825
  43   | 0.4330    | 0.0845     | 0.4825
  44   | 0.4330    | 0.0845     | 0.4825
  45   | 0.4330    | 0.0845     | 0.4825
  46   | 0.4330    | 0.0845     | 0.4825
  47   | 0.4330    | 0.0845     | 0.4825
  48   | 0.4330    | 0.0845     | 0.4825
  49   | 0.4330    | 0.0845     | 0.4825
  50   | 0.4330    | 0.0845     | 0.4825
  51   | 0.4362    | 0.0830     | 0.4808
  52   | 0.4362    | 0.0830     | 0.4808
  53   | 0.4362    | 0.0830     | 0.4808
  54   | 0.4362    | 0.0830     | 0.4808
  55   | 0.4362    | 0.0830     | 0.4808
  56   | 0.4362    | 0.0830     | 0.4808
  57   | 0.4362    | 0.0830     | 0.4808
  58   | 0.4362    | 0.0830     | 0.4808
  59   | 0.4362    | 0.0830     | 0.4808
  60   | 0.4362    | 0.0830     | 0.4808
  61   | 0.4362    | 0.0830     | 0.4808
  62   | 0.4362    | 0.0830     | 0.4808
  63   | 0.4362    | 0.0830     | 0.4808
  64   | 0.4362    | 0.0830     | 0.4808
  65   | 0.4362    | 0.0830     | 0.4808
  66   | 0.4362    | 0.0830     | 0.4808
  67   | 0.4362    | 0.0830     | 0.4808
  68   | 0.4362    | 0.0830     | 0.4808
  69   | 0.4362    | 0.0830     | 0.4808
  70   | 0.4362    | 0.0830     | 0.4808
  71   | 0.4362    | 0.0830     | 0.4808
  72   | 0.4362    | 0.0830     | 0.4808
  73   | 0.4362    | 0.0830     | 0.4808
  74   | 0.4362    | 0.0830     | 0.4808
  75   | 0.4362    | 0.0830     | 0.4808
  76   | 0.4362    | 0.0830     | 0.4808
  77   | 0.4362    | 0.0830     | 0.4808
  78   | 0.4362    | 0.0830     | 0.4808
  79   | 0.4362    | 0.0830     | 0.4808
  80   | 0.4362    | 0.0830     | 0.4808
  81   | 0.4362    | 0.0830     | 0.4808
  82   | 0.4362    | 0.0830     | 0.4808
  83   | 0.4362    | 0.0830     | 0.4808
  84   | 0.4362    | 0.0830     | 0.4808
  85   | 0.4362    | 0.0830     | 0.4808
  86   | 0.4362    | 0.0830     | 0.4808
  87   | 0.4362    | 0.0830     | 0.4808
  88   | 0.4362    | 0.0830     | 0.4808
  89   | 0.4362    | 0.0830     | 0.4808
  90   | 0.4362    | 0.0830     | 0.4808
  91   | 0.4362    | 0.0830     | 0.4808
  92   | 0.4362    | 0.0830     | 0.4808
  93   | 0.4362    | 0.0830     | 0.4808
  94   | 0.4362    | 0.0830     | 0.4808
  95   | 0.4362    | 0.0830     | 0.4808
  96   | 0.4362    | 0.0830     | 0.4808
  97   | 0.4362    | 0.0830     | 0.4808
  98   | 0.4362    | 0.0830     | 0.4808
  99   | 0.4362    | 0.0830     | 0.4808
  100   | 0.4362    | 0.0830     | 0.4808
  101   | 0.4362    | 0.0830     | 0.4808
  102   | 0.4362    | 0.0830     | 0.4808
  103   | 0.4362    | 0.0830     | 0.4808
  104   | 0.4362    | 0.0830     | 0.4808
  105   | 0.4362    | 0.0830     | 0.4808
  106   | 0.4362    | 0.0830     | 0.4808
  107   | 0.4362    | 0.0830     | 0.4808
  108   | 0.4362    | 0.0830     | 0.4808
  109   | 0.4362    | 0.0830     | 0.4808
  110   | 0.4362    | 0.0830     | 0.4808
  111   | 0.4362    | 0.0830     | 0.4808
  112   | 0.4362    | 0.0830     | 0.4808
  113   | 0.4362    | 0.0830     | 0.4808
  114   | 0.4362    | 0.0830     | 0.4808
  115   | 0.4362    | 0.0830     | 0.4808
  116   | 0.4362    | 0.0830     | 0.4808
  117   | 0.4362    | 0.0830     | 0.4808
  118   | 0.4362    | 0.0830     | 0.4808
  119   | 0.4362    | 0.0830     | 0.4808
  120   | 0.4362    | 0.0830     | 0.4808
  121   | 0.4362    | 0.0830     | 0.4808
  122   | 0.4362    | 0.0830     | 0.4808
  123   | 0.4362    | 0.0830     | 0.4808
  124   | 0.4362    | 0.0830     | 0.4808
  125   | 0.4362    | 0.0830     | 0.4808
  126   | 0.4362    | 0.0830     | 0.4808
  127   | 0.4362    | 0.0830     | 0.4808
  128   | 0.4362    | 0.0830     | 0.4808
  129   | 0.4362    | 0.0830     | 0.4808
  130   | 0.4362    | 0.0830     | 0.4808
  131   | 0.4362    | 0.0830     | 0.4808
  132   | 0.4362    | 0.0830     | 0.4808
  133   | 0.4362    | 0.0830     | 0.4808
  134   | 0.4362    | 0.0830     | 0.4808
  135   | 0.4362    | 0.0830     | 0.4808
  136   | 0.4362    | 0.0830     | 0.4808
  137   | 0.4362    | 0.0830     | 0.4808
  138   | 0.4362    | 0.0830     | 0.4808
  139   | 0.4362    | 0.0830     | 0.4808
  140   | 0.4362    | 0.0830     | 0.4808
  141   | 0.4362    | 0.0830     | 0.4808
  142   | 0.4362    | 0.0830     | 0.4808
  143   | 0.4362    | 0.0830     | 0.4808
  144   | 0.4362    | 0.0830     | 0.4808
  145   | 0.4362    | 0.0830     | 0.4808
  146   | 0.4362    | 0.0830     | 0.4808
  147   | 0.4362    | 0.0830     | 0.4808
  148   | 0.4362    | 0.0830     | 0.4808
  149   | 0.4362    | 0.0830     | 0.4808
  150   | 0.4362    | 0.0830     | 0.4808
  151   | 0.4362    | 0.0830     | 0.4808
  152   | 0.4362    | 0.0830     | 0.4808
  153   | 0.4362    | 0.0830     | 0.4808
  154   | 0.4362    | 0.0830     | 0.4808
  155   | 0.4362    | 0.0830     | 0.4808
  156   | 0.4362    | 0.0830     | 0.4808
  157   | 0.4362    | 0.0830     | 0.4808
  158   | 0.4362    | 0.0830     | 0.4808
  159   | 0.4362    | 0.0830     | 0.4808
  160   | 0.4362    | 0.0830     | 0.4808
  161   | 0.4362    | 0.0830     | 0.4808
  162   | 0.4362    | 0.0830     | 0.4808
  163   | 0.4362    | 0.0830     | 0.4808
  164   | 0.4362    | 0.0830     | 0.4808
  165   | 0.4362    | 0.0830     | 0.4808
  166   | 0.4362    | 0.0830     | 0.4808
  167   | 0.4362    | 0.0830     | 0.4808
  168   | 0.4362    | 0.0830     | 0.4808
  169   | 0.4362    | 0.0830     | 0.4808
  170   | 0.4362    | 0.0830     | 0.4808
  171   | 0.4362    | 0.0830     | 0.4808
  172   | 0.4362    | 0.0830     | 0.4808
  173   | 0.4362    | 0.0830     | 0.4808
  174   | 0.4362    | 0.0830     | 0.4808
  175   | 0.4362    | 0.0830     | 0.4808
  176   | 0.4362    | 0.0830     | 0.4808
  177   | 0.4362    | 0.0830     | 0.4808
  178   | 0.4362    | 0.0830     | 0.4808
  179   | 0.4362    | 0.0830     | 0.4808
  180   | 0.4362    | 0.0830     | 0.4808
  181   | 0.4362    | 0.0830     | 0.4808
  182   | 0.4362    | 0.0830     | 0.4808
  183   | 0.4362    | 0.0830     | 0.4808
  184   | 0.4362    | 0.0830     | 0.4808
  185   | 0.4362    | 0.0830     | 0.4808
  186   | 0.4362    | 0.0830     | 0.4808
  187   | 0.4362    | 0.0830     | 0.4808
  188   | 0.4362    | 0.0830     | 0.4808
  189   | 0.4362    | 0.0830     | 0.4808
  190   | 0.4362    | 0.0830     | 0.4808
  191   | 0.4362    | 0.0830     | 0.4808
  192   | 0.4362    | 0.0830     | 0.4808
  193   | 0.4362    | 0.0830     | 0.4808
  194   | 0.4362    | 0.0830     | 0.4808
  195   | 0.4362    | 0.0830     | 0.4808
  196   | 0.4362    | 0.0830     | 0.4808
  197   | 0.4362    | 0.0830     | 0.4808
  198   | 0.4362    | 0.0830     | 0.4808
  199   | 0.4362    | 0.0830     | 0.4808
  200   | 0.4362    | 0.0830     | 0.4808
  201   | 0.4362    | 0.0830     | 0.4808
  202   | 0.4362    | 0.0830     | 0.4808
  203   | 0.4362    | 0.0830     | 0.4808
  204   | 0.4362    | 0.0830     | 0.4808
  205   | 0.4362    | 0.0830     | 0.4808
  206   | 0.4362    | 0.0830     | 0.4808
  207   | 0.4362    | 0.0830     | 0.4808
  208   | 0.4362    | 0.0830     | 0.4808
  209   | 0.4362    | 0.0830     | 0.4808
  210   | 0.4362    | 0.0830     | 0.4808
  211   | 0.4362    | 0.0830     | 0.4808
  212   | 0.4362    | 0.0830     | 0.4808
  213   | 0.4362    | 0.0830     | 0.4808
  214   | 0.4362    | 0.0830     | 0.4808
  215   | 0.4362    | 0.0830     | 0.4808
  216   | 0.4362    | 0.0830     | 0.4808
  217   | 0.4362    | 0.0830     | 0.4808
  218   | 0.4362    | 0.0830     | 0.4808
  219   | 0.4362    | 0.0830     | 0.4808
  220   | 0.4362    | 0.0830     | 0.4808
  221   | 0.4362    | 0.0830     | 0.4808
  222   | 0.4362    | 0.0830     | 0.4808
  223   | 0.4362    | 0.0830     | 0.4808
  224   | 0.4362    | 0.0830     | 0.4808
  225   | 0.4362    | 0.0830     | 0.4808
  226   | 0.4362    | 0.0830     | 0.4808
  227   | 0.4362    | 0.0830     | 0.4808
  228   | 0.4362    | 0.0830     | 0.4808
  229   | 0.4362    | 0.0830     | 0.4808
  230   | 0.4362    | 0.0830     | 0.4808
  231   | 0.4362    | 0.0830     | 0.4808
  232   | 0.4362    | 0.0830     | 0.4808
  233   | 0.4362    | 0.0830     | 0.4808
  234   | 0.4362    | 0.0830     | 0.4808
  235   | 0.4362    | 0.0830     | 0.4808
  236   | 0.4362    | 0.0830     | 0.4808
  237   | 0.4362    | 0.0830     | 0.4808
  238   | 0.4362    | 0.0830     | 0.4808
  239   | 0.4362    | 0.0830     | 0.4808
  240   | 0.4362    | 0.0830     | 0.4808
  241   | 0.4362    | 0.0830     | 0.4808
  242   | 0.4362    | 0.0830     | 0.4808
  243   | 0.4362    | 0.0830     | 0.4808
  244   | 0.4362    | 0.0830     | 0.4808
  245   | 0.4362    | 0.0830     | 0.4808
  246   | 0.4362    | 0.0830     | 0.4808
  247   | 0.4362    | 0.0830     | 0.4808
  248   | 0.4362    | 0.0830     | 0.4808
  249   | 0.4362    | 0.0830     | 0.4808
  250   | 0.4362    | 0.0830     | 0.4808
  251   | 0.4362    | 0.0830     | 0.4808
  252   | 0.4362    | 0.0830     | 0.4808
  253   | 0.4362    | 0.0830     | 0.4808
  254   | 0.4362    | 0.0830     | 0.4808
  255   | 0.4362    | 0.0830     | 0.4808
  256   | 0.4362    | 0.0830     | 0.4808
  257   | 0.4362    | 0.0830     | 0.4808
  258   | 0.4362    | 0.0830     | 0.4808
  259   | 0.4362    | 0.0830     | 0.4808
  260   | 0.4858    | 0.0158     | 0.4984
  261   | 0.4858    | 0.0158     | 0.4984
  262   | 0.4858    | 0.0158     | 0.4984
  263   | 0.4858    | 0.0158     | 0.4984
  264   | 0.4858    | 0.0158     | 0.4984
  265   | 0.4858    | 0.0158     | 0.4984
  266   | 0.4858    | 0.0158     | 0.4984
  267   | 0.4858    | 0.0158     | 0.4984
  268   | 0.4858    | 0.0158     | 0.4984
  269   | 0.4858    | 0.0158     | 0.4984
  270   | 0.4858    | 0.0158     | 0.4984
  271   | 0.4858    | 0.0158     | 0.4984
  272   | 0.4858    | 0.0158     | 0.4984
  273   | 0.4858    | 0.0158     | 0.4984
  274   | 0.4858    | 0.0158     | 0.4984
  275   | 0.4858    | 0.0158     | 0.4984
  276   | 0.4858    | 0.0158     | 0.4984
  277   | 0.4858    | 0.0158     | 0.4984
  278   | 0.4858    | 0.0158     | 0.4984
  279   | 0.4858    | 0.0158     | 0.4984
  280   | 0.4858    | 0.0158     | 0.4984
  281   | 0.4858    | 0.0158     | 0.4984
  282   | 0.4858    | 0.0158     | 0.4984
  283   | 0.4858    | 0.0158     | 0.4984
  284   | 0.4858    | 0.0158     | 0.4984
  285   | 0.4858    | 0.0158     | 0.4984
  286   | 0.4858    | 0.0158     | 0.4984
  287   | 0.4858    | 0.0158     | 0.4984
  288   | 0.4858    | 0.0158     | 0.4984
  289   | 0.4858    | 0.0158     | 0.4984
  290   | 0.4858    | 0.0158     | 0.4984
  291   | 0.4858    | 0.0158     | 0.4984
  292   | 0.4858    | 0.0158     | 0.4984
  293   | 0.4858    | 0.0158     | 0.4984
  294   | 0.4858    | 0.0158     | 0.4984
  295   | 0.4858    | 0.0158     | 0.4984
  296   | 0.4858    | 0.0158     | 0.4984
  297   | 0.4858    | 0.0158     | 0.4984
  298   | 0.4858    | 0.0158     | 0.4984
  299   | 0.4858    | 0.0158     | 0.4984
  300   | 0.4858    | 0.0158     | 0.4984
  301   | 0.4858    | 0.0158     | 0.4984
  302   | 0.4858    | 0.0158     | 0.4984
  303   | 0.4858    | 0.0158     | 0.4984
  304   | 0.4858    | 0.0158     | 0.4984
  305   | 0.4858    | 0.0158     | 0.4984
  306   | 0.4858    | 0.0158     | 0.4984
  307   | 0.4858    | 0.0158     | 0.4984
  308   | 0.4858    | 0.0158     | 0.4984
  309   | 0.4858    | 0.0158     | 0.4984
  310   | 0.4858    | 0.0158     | 0.4984
  311   | 0.4858    | 0.0158     | 0.4984
  312   | 0.4858    | 0.0158     | 0.4984
  313   | 0.4858    | 0.0158     | 0.4984
  314   | 0.4858    | 0.0158     | 0.4984
  315   | 0.4858    | 0.0158     | 0.4984
  316   | 0.4858    | 0.0158     | 0.4984
  317   | 0.4858    | 0.0158     | 0.4984
  318   | 0.4858    | 0.0158     | 0.4984
  319   | 0.4858    | 0.0158     | 0.4984
  320   | 0.4858    | 0.0158     | 0.4984
  321   | 0.4858    | 0.0158     | 0.4984
  322   | 0.4858    | 0.0158     | 0.4984
  323   | 0.4858    | 0.0158     | 0.4984
  324   | 0.4858    | 0.0158     | 0.4984
  325   | 0.4858    | 0.0158     | 0.4984
  326   | 0.4858    | 0.0158     | 0.4984
  327   | 0.4858    | 0.0158     | 0.4984
  328   | 0.4858    | 0.0158     | 0.4984
  329   | 0.4858    | 0.0158     | 0.4984
  330   | 0.4858    | 0.0158     | 0.4984
  331   | 0.4858    | 0.0158     | 0.4984
  332   | 0.4858    | 0.0158     | 0.4984
  333   | 0.4858    | 0.0158     | 0.4984
  334   | 0.4858    | 0.0158     | 0.4984
  335   | 0.4858    | 0.0158     | 0.4984
  336   | 0.4858    | 0.0158     | 0.4984
  337   | 0.4858    | 0.0158     | 0.4984
  338   | 0.4858    | 0.0158     | 0.4984
  339   | 0.4858    | 0.0158     | 0.4984
  340   | 0.4858    | 0.0158     | 0.4984
  341   | 0.4858    | 0.0158     | 0.4984
  342   | 0.4858    | 0.0158     | 0.4984
  343   | 0.4858    | 0.0158     | 0.4984
  344   | 0.4858    | 0.0158     | 0.4984
  345   | 0.4858    | 0.0158     | 0.4984
  346   | 0.4858    | 0.0158     | 0.4984
  347   | 0.4858    | 0.0158     | 0.4984
  348   | 0.4858    | 0.0158     | 0.4984
  349   | 0.4858    | 0.0158     | 0.4984
  350   | 0.4858    | 0.0158     | 0.4984
  351   | 0.4858    | 0.0158     | 0.4984
  352   | 0.4858    | 0.0158     | 0.4984
  353   | 0.4858    | 0.0158     | 0.4984
  354   | 0.4858    | 0.0158     | 0.4984
  355   | 0.4858    | 0.0158     | 0.4984
  356   | 0.4858    | 0.0158     | 0.4984
  357   | 0.4858    | 0.0158     | 0.4984
  358   | 0.4858    | 0.0158     | 0.4984
  359   | 0.4858    | 0.0158     | 0.4984
  360   | 0.4858    | 0.0158     | 0.4984
  361   | 0.4858    | 0.0158     | 0.4984
  362   | 0.4858    | 0.0158     | 0.4984
  363   | 0.4858    | 0.0158     | 0.4984
  364   | 0.4858    | 0.0158     | 0.4984
  365   | 0.4858    | 0.0158     | 0.4984
  366   | 0.4858    | 0.0158     | 0.4984
  367   | 0.4858    | 0.0158     | 0.4984
  368   | 0.4858    | 0.0158     | 0.4984
  369   | 0.4858    | 0.0158     | 0.4984
  370   | 0.4858    | 0.0158     | 0.4984
  371   | 0.4858    | 0.0158     | 0.4984
  372   | 0.4858    | 0.0158     | 0.4984
  373   | 0.4858    | 0.0158     | 0.4984
  374   | 0.4858    | 0.0158     | 0.4984
  375   | 0.4858    | 0.0158     | 0.4984
  376   | 0.4858    | 0.0158     | 0.4984
  377   | 0.4858    | 0.0158     | 0.4984
  378   | 0.4858    | 0.0158     | 0.4984
  379   | 0.4858    | 0.0158     | 0.4984
  380   | 0.4858    | 0.0158     | 0.4984
  381   | 0.4858    | 0.0158     | 0.4984
  382   | 0.4858    | 0.0158     | 0.4984
  383   | 0.4858    | 0.0158     | 0.4984
  384   | 0.4858    | 0.0158     | 0.4984
  385   | 0.4858    | 0.0158     | 0.4984
  386   | 0.4858    | 0.0158     | 0.4984
  387   | 0.4858    | 0.0158     | 0.4984
  388   | 0.4858    | 0.0158     | 0.4984
  389   | 0.4858    | 0.0158     | 0.4984
  390   | 0.4858    | 0.0158     | 0.4984
  391   | 0.4858    | 0.0158     | 0.4984
  392   | 0.4858    | 0.0158     | 0.4984
  393   | 0.4858    | 0.0158     | 0.4984
  394   | 0.4858    | 0.0158     | 0.4984
  395   | 0.4858    | 0.0158     | 0.4984
  396   | 0.4858    | 0.0158     | 0.4984
  397   | 0.4858    | 0.0158     | 0.4984
  398   | 0.4858    | 0.0158     | 0.4984
  399   | 0.4858    | 0.0158     | 0.4984
  400   | 0.4858    | 0.0158     | 0.4984
  401   | 0.4858    | 0.0158     | 0.4984
  402   | 0.4858    | 0.0158     | 0.4984
  403   | 0.4858    | 0.0158     | 0.4984
  404   | 0.4858    | 0.0158     | 0.4984
  405   | 0.4858    | 0.0158     | 0.4984
  406   | 0.4858    | 0.0158     | 0.4984
  407   | 0.4858    | 0.0158     | 0.4984
  408   | 0.4858    | 0.0158     | 0.4984
  409   | 0.4858    | 0.0158     | 0.4984
  410   | 0.4858    | 0.0158     | 0.4984
  411   | 0.4858    | 0.0158     | 0.4984
  412   | 0.4858    | 0.0158     | 0.4984
  413   | 0.4858    | 0.0158     | 0.4984
  414   | 0.4858    | 0.0158     | 0.4984
  415   | 0.4858    | 0.0158     | 0.4984
  416   | 0.4858    | 0.0158     | 0.4984
  417   | 0.4858    | 0.0158     | 0.4984
  418   | 0.4858    | 0.0158     | 0.4984
  419   | 0.4858    | 0.0158     | 0.4984
  420   | 0.4858    | 0.0158     | 0.4984
  421   | 0.4858    | 0.0158     | 0.4984
  422   | 0.4858    | 0.0158     | 0.4984
  423   | 0.4858    | 0.0158     | 0.4984
  424   | 0.4858    | 0.0158     | 0.4984
  425   | 0.4858    | 0.0158     | 0.4984
  426   | 0.4858    | 0.0158     | 0.4984
  427   | 0.4858    | 0.0158     | 0.4984
  428   | 0.4858    | 0.0158     | 0.4984
  429   | 0.4858    | 0.0158     | 0.4984
  430   | 0.4858    | 0.0158     | 0.4984
  431   | 0.4858    | 0.0158     | 0.4984
  432   | 0.4858    | 0.0158     | 0.4984
  433   | 0.4858    | 0.0158     | 0.4984
  434   | 0.4858    | 0.0158     | 0.4984
  435   | 0.4858    | 0.0158     | 0.4984
  436   | 0.4858    | 0.0158     | 0.4984
  437   | 0.4858    | 0.0158     | 0.4984
  438   | 0.4858    | 0.0158     | 0.4984
  439   | 0.4858    | 0.0158     | 0.4984
  440   | 0.4858    | 0.0158     | 0.4984
  441   | 0.4858    | 0.0158     | 0.4984
  442   | 0.4858    | 0.0158     | 0.4984
  443   | 0.4858    | 0.0158     | 0.4984
  444   | 0.4858    | 0.0158     | 0.4984
  445   | 0.4858    | 0.0158     | 0.4984
  446   | 0.4858    | 0.0158     | 0.4984
  447   | 0.4858    | 0.0158     | 0.4984
  448   | 0.4858    | 0.0158     | 0.4984
  449   | 0.4858    | 0.0158     | 0.4984
  450   | 0.4858    | 0.0158     | 0.4984
  451   | 0.4858    | 0.0158     | 0.4984
  452   | 0.4858    | 0.0158     | 0.4984
  453   | 0.4858    | 0.0158     | 0.4984
  454   | 0.4858    | 0.0158     | 0.4984
  455   | 0.4858    | 0.0158     | 0.4984
  456   | 0.4858    | 0.0158     | 0.4984
  457   | 0.4858    | 0.0158     | 0.4984
  458   | 0.4858    | 0.0158     | 0.4984
  459   | 0.4858    | 0.0158     | 0.4984
  460   | 0.4858    | 0.0158     | 0.4984
  461   | 0.4858    | 0.0158     | 0.4984
  462   | 0.4858    | 0.0158     | 0.4984
  463   | 0.4858    | 0.0158     | 0.4984
  464   | 0.4858    | 0.0158     | 0.4984
  465   | 0.4858    | 0.0158     | 0.4984
  466   | 0.4858    | 0.0158     | 0.4984
  467   | 0.4858    | 0.0158     | 0.4984
  468   | 0.4858    | 0.0158     | 0.4984
  469   | 0.4858    | 0.0158     | 0.4984
  470   | 0.4858    | 0.0158     | 0.4984
  471   | 0.4858    | 0.0158     | 0.4984
  472   | 0.4858    | 0.0158     | 0.4984
  473   | 0.4858    | 0.0158     | 0.4984
  474   | 0.4858    | 0.0158     | 0.4984
  475   | 0.4858    | 0.0158     | 0.4984
  476   | 0.4858    | 0.0158     | 0.4984
  477   | 0.4858    | 0.0158     | 0.4984
  478   | 0.4858    | 0.0158     | 0.4984
  479   | 0.4858    | 0.0158     | 0.4984
  480   | 0.4858    | 0.0158     | 0.4984
  481   | 0.4858    | 0.0158     | 0.4984
  482   | 0.4858    | 0.0158     | 0.4984
  483   | 0.4858    | 0.0158     | 0.4984
  484   | 0.4858    | 0.0158     | 0.4984
  485   | 0.4858    | 0.0158     | 0.4984
  486   | 0.4858    | 0.0158     | 0.4984
  487   | 0.4858    | 0.0158     | 0.4984
  488   | 0.4858    | 0.0158     | 0.4984
  489   | 0.4858    | 0.0158     | 0.4984
  490   | 0.4858    | 0.0158     | 0.4984
  491   | 0.4858    | 0.0158     | 0.4984
  492   | 0.4858    | 0.0158     | 0.4984
  493   | 0.4858    | 0.0158     | 0.4984
  494   | 0.4858    | 0.0158     | 0.4984
  495   | 0.4858    | 0.0158     | 0.4984
  496   | 0.4858    | 0.0158     | 0.4984
  497   | 0.4858    | 0.0158     | 0.4984
  498   | 0.4858    | 0.0158     | 0.4984
  499   | 0.4858    | 0.0158     | 0.4984
  500   | 0.4858    | 0.0158     | 0.4984
  501   | 0.4858    | 0.0158     | 0.4984
  502   | 0.4858    | 0.0158     | 0.4984
  503   | 0.4858    | 0.0158     | 0.4984
  504   | 0.4858    | 0.0158     | 0.4984
  505   | 0.4858    | 0.0158     | 0.4984
  506   | 0.4858    | 0.0158     | 0.4984
  507   | 0.4858    | 0.0158     | 0.4984
  508   | 0.4858    | 0.0158     | 0.4984
  509   | 0.4858    | 0.0158     | 0.4984
  510   | 0.4858    | 0.0158     | 0.4984
  511   | 0.4858    | 0.0158     | 0.4984
  512   | 0.4858    | 0.0158     | 0.4984
  513   | 0.4858    | 0.0158     | 0.4984
  514   | 0.4858    | 0.0158     | 0.4984
  515   | 0.4858    | 0.0158     | 0.4984
  516   | 0.4858    | 0.0158     | 0.4984
  517   | 0.4858    | 0.0158     | 0.4984
  518   | 0.4858    | 0.0158     | 0.4984
  519   | 0.4858    | 0.0158     | 0.4984
  520   | 0.5020    | 0.0227     | 0.4754
  521   | 0.5020    | 0.0227     | 0.4754
  522   | 0.5020    | 0.0227     | 0.4754
  523   | 0.5020    | 0.0227     | 0.4754
  524   | 0.5020    | 0.0227     | 0.4754
  525   | 0.5020    | 0.0227     | 0.4754
  526   | 0.5020    | 0.0227     | 0.4754
  527   | 0.5020    | 0.0227     | 0.4754
  528   | 0.5020    | 0.0227     | 0.4754
  529   | 0.5020    | 0.0227     | 0.4754
  530   | 0.5020    | 0.0227     | 0.4754
  531   | 0.5020    | 0.0227     | 0.4754
  532   | 0.5020    | 0.0227     | 0.4754
  533   | 0.5020    | 0.0227     | 0.4754
  534   | 0.5020    | 0.0227     | 0.4754
  535   | 0.5020    | 0.0227     | 0.4754
  536   | 0.5020    | 0.0227     | 0.4754
  537   | 0.5020    | 0.0227     | 0.4754
  538   | 0.5020    | 0.0227     | 0.4754
  539   | 0.5020    | 0.0227     | 0.4754
  540   | 0.5020    | 0.0227     | 0.4754
  541   | 0.5020    | 0.0227     | 0.4754
  542   | 0.5020    | 0.0227     | 0.4754
  543   | 0.5020    | 0.0227     | 0.4754
  544   | 0.5020    | 0.0227     | 0.4754
  545   | 0.5020    | 0.0227     | 0.4754
  546   | 0.5020    | 0.0227     | 0.4754
  547   | 0.5020    | 0.0227     | 0.4754
  548   | 0.5020    | 0.0227     | 0.4754
  549   | 0.5020    | 0.0227     | 0.4754
  550   | 0.5020    | 0.0227     | 0.4754
  551   | 0.5020    | 0.0227     | 0.4754
  552   | 0.5020    | 0.0227     | 0.4754
  553   | 0.5020    | 0.0227     | 0.4754
  554   | 0.5020    | 0.0227     | 0.4754
  555   | 0.5020    | 0.0227     | 0.4754
  556   | 0.5020    | 0.0227     | 0.4754
  557   | 0.5020    | 0.0227     | 0.4754
  558   | 0.5020    | 0.0227     | 0.4754
  559   | 0.5020    | 0.0227     | 0.4754
  560   | 0.5020    | 0.0227     | 0.4754
  561   | 0.5020    | 0.0227     | 0.4754
  562   | 0.5020    | 0.0227     | 0.4754
  563   | 0.5020    | 0.0227     | 0.4754
  564   | 0.5020    | 0.0227     | 0.4754
  565   | 0.5020    | 0.0227     | 0.4754
  566   | 0.5020    | 0.0227     | 0.4754
  567   | 0.5020    | 0.0227     | 0.4754
  568   | 0.5020    | 0.0227     | 0.4754
  569   | 0.5020    | 0.0227     | 0.4754
  570   | 0.5020    | 0.0227     | 0.4754
  571   | 0.5020    | 0.0227     | 0.4754
  572   | 0.5020    | 0.0227     | 0.4754
  573   | 0.5020    | 0.0227     | 0.4754
  574   | 0.5020    | 0.0227     | 0.4754
  575   | 0.5020    | 0.0227     | 0.4754
  576   | 0.5020    | 0.0227     | 0.4754
  577   | 0.5020    | 0.0227     | 0.4754
  578   | 0.5020    | 0.0227     | 0.4754
  579   | 0.5020    | 0.0227     | 0.4754
  580   | 0.5020    | 0.0227     | 0.4754
  581   | 0.5020    | 0.0227     | 0.4754
  582   | 0.5020    | 0.0227     | 0.4754
  583   | 0.5020    | 0.0227     | 0.4754
  584   | 0.5020    | 0.0227     | 0.4754
  585   | 0.5020    | 0.0227     | 0.4754
  586   | 0.5020    | 0.0227     | 0.4754
  587   | 0.5020    | 0.0227     | 0.4754
  588   | 0.5020    | 0.0227     | 0.4754
  589   | 0.5020    | 0.0227     | 0.4754
  590   | 0.5020    | 0.0227     | 0.4754
  591   | 0.5020    | 0.0227     | 0.4754
  592   | 0.5020    | 0.0227     | 0.4754
  593   | 0.5020    | 0.0227     | 0.4754
  594   | 0.5020    | 0.0227     | 0.4754
  595   | 0.5020    | 0.0227     | 0.4754
  596   | 0.5020    | 0.0227     | 0.4754
  597   | 0.5020    | 0.0227     | 0.4754
  598   | 0.5020    | 0.0227     | 0.4754
  599   | 0.5020    | 0.0227     | 0.4754
  600   | 0.5020    | 0.0227     | 0.4754
  601   | 0.5020    | 0.0227     | 0.4754
  602   | 0.5020    | 0.0227     | 0.4754
  603   | 0.5020    | 0.0227     | 0.4754
  604   | 0.5020    | 0.0227     | 0.4754
  605   | 0.5020    | 0.0227     | 0.4754
  606   | 0.5020    | 0.0227     | 0.4754
  607   | 0.5020    | 0.0227     | 0.4754
  608   | 0.5020    | 0.0227     | 0.4754
  609   | 0.5020    | 0.0227     | 0.4754
  610   | 0.5020    | 0.0227     | 0.4754
  611   | 0.5020    | 0.0227     | 0.4754
  612   | 0.5020    | 0.0227     | 0.4754
  613   | 0.5020    | 0.0227     | 0.4754
  614   | 0.5020    | 0.0227     | 0.4754
  615   | 0.5020    | 0.0227     | 0.4754
  616   | 0.5020    | 0.0227     | 0.4754
  617   | 0.5020    | 0.0227     | 0.4754
  618   | 0.5020    | 0.0227     | 0.4754
  619   | 0.5020    | 0.0227     | 0.4754
  620   | 0.5020    | 0.0227     | 0.4754
  621   | 0.5020    | 0.0227     | 0.4754
  622   | 0.5020    | 0.0227     | 0.4754
  623   | 0.5020    | 0.0227     | 0.4754
  624   | 0.5020    | 0.0227     | 0.4754
  625   | 0.5020    | 0.0227     | 0.4754
  626   | 0.5020    | 0.0227     | 0.4754
  627   | 0.5020    | 0.0227     | 0.4754
  628   | 0.5020    | 0.0227     | 0.4754
  629   | 0.5020    | 0.0227     | 0.4754
  630   | 0.5020    | 0.0227     | 0.4754
  631   | 0.5020    | 0.0227     | 0.4754
  632   | 0.5020    | 0.0227     | 0.4754
  633   | 0.5020    | 0.0227     | 0.4754
  634   | 0.5020    | 0.0227     | 0.4754
  635   | 0.5020    | 0.0227     | 0.4754
  636   | 0.5020    | 0.0227     | 0.4754
  637   | 0.5020    | 0.0227     | 0.4754
  638   | 0.5020    | 0.0227     | 0.4754
  639   | 0.5020    | 0.0227     | 0.4754
  640   | 0.5020    | 0.0227     | 0.4754
  641   | 0.5020    | 0.0227     | 0.4754
  642   | 0.5020    | 0.0227     | 0.4754
  643   | 0.5020    | 0.0227     | 0.4754
  644   | 0.5020    | 0.0227     | 0.4754
  645   | 0.5020    | 0.0227     | 0.4754
  646   | 0.5020    | 0.0227     | 0.4754
  647   | 0.5020    | 0.0227     | 0.4754
  648   | 0.5020    | 0.0227     | 0.4754
  649   | 0.5020    | 0.0227     | 0.4754
  650   | 0.5020    | 0.0227     | 0.4754
  651   | 0.5020    | 0.0227     | 0.4754
  652   | 0.5020    | 0.0227     | 0.4754
  653   | 0.5020    | 0.0227     | 0.4754
  654   | 0.5020    | 0.0227     | 0.4754
  655   | 0.5020    | 0.0227     | 0.4754
  656   | 0.5020    | 0.0227     | 0.4754
  657   | 0.5020    | 0.0227     | 0.4754
  658   | 0.5020    | 0.0227     | 0.4754
  659   | 0.5020    | 0.0227     | 0.4754
  660   | 0.5020    | 0.0227     | 0.4754
  661   | 0.5020    | 0.0227     | 0.4754
  662   | 0.5020    | 0.0227     | 0.4754
  663   | 0.5020    | 0.0227     | 0.4754
  664   | 0.5020    | 0.0227     | 0.4754
  665   | 0.5020    | 0.0227     | 0.4754
  666   | 0.5020    | 0.0227     | 0.4754
  667   | 0.5020    | 0.0227     | 0.4754
  668   | 0.5020    | 0.0227     | 0.4754
  669   | 0.5020    | 0.0227     | 0.4754
  670   | 0.5020    | 0.0227     | 0.4754
  671   | 0.5020    | 0.0227     | 0.4754
  672   | 0.5020    | 0.0227     | 0.4754
  673   | 0.5020    | 0.0227     | 0.4754
  674   | 0.5020    | 0.0227     | 0.4754
  675   | 0.5020    | 0.0227     | 0.4754
  676   | 0.5020    | 0.0227     | 0.4754
  677   | 0.5020    | 0.0227     | 0.4754
  678   | 0.5020    | 0.0227     | 0.4754
  679   | 0.5020    | 0.0227     | 0.4754
  680   | 0.5020    | 0.0227     | 0.4754
  681   | 0.5020    | 0.0227     | 0.4754
  682   | 0.5020    | 0.0227     | 0.4754
  683   | 0.5020    | 0.0227     | 0.4754
  684   | 0.5020    | 0.0227     | 0.4754
  685   | 0.5020    | 0.0227     | 0.4754
  686   | 0.5020    | 0.0227     | 0.4754
  687   | 0.5020    | 0.0227     | 0.4754
  688   | 0.5020    | 0.0227     | 0.4754
  689   | 0.5020    | 0.0227     | 0.4754
  690   | 0.5020    | 0.0227     | 0.4754
  691   | 0.5020    | 0.0227     | 0.4754
  692   | 0.5020    | 0.0227     | 0.4754
  693   | 0.5020    | 0.0227     | 0.4754
  694   | 0.5020    | 0.0227     | 0.4754
  695   | 0.5020    | 0.0227     | 0.4754
  696   | 0.5020    | 0.0227     | 0.4754
  697   | 0.5020    | 0.0227     | 0.4754
  698   | 0.5020    | 0.0227     | 0.4754
  699   | 0.5020    | 0.0227     | 0.4754
  700   | 0.5020    | 0.0227     | 0.4754
  701   | 0.5020    | 0.0227     | 0.4754
  702   | 0.5020    | 0.0227     | 0.4754
  703   | 0.5020    | 0.0227     | 0.4754
  704   | 0.5020    | 0.0227     | 0.4754
  705   | 0.5020    | 0.0227     | 0.4754
  706   | 0.5020    | 0.0227     | 0.4754
  707   | 0.5020    | 0.0227     | 0.4754
  708   | 0.5020    | 0.0227     | 0.4754
  709   | 0.5020    | 0.0227     | 0.4754
  710   | 0.5020    | 0.0227     | 0.4754
  711   | 0.5020    | 0.0227     | 0.4754
  712   | 0.5020    | 0.0227     | 0.4754
  713   | 0.5020    | 0.0227     | 0.4754
  714   | 0.5020    | 0.0227     | 0.4754
  715   | 0.5020    | 0.0227     | 0.4754
  716   | 0.5020    | 0.0227     | 0.4754
  717   | 0.5020    | 0.0227     | 0.4754
  718   | 0.5020    | 0.0227     | 0.4754
  719   | 0.5020    | 0.0227     | 0.4754
  720   | 0.5020    | 0.0227     | 0.4754
  721   | 0.5020    | 0.0227     | 0.4754
  722   | 0.5020    | 0.0227     | 0.4754
  723   | 0.5020    | 0.0227     | 0.4754
  724   | 0.5020    | 0.0227     | 0.4754
  725   | 0.5020    | 0.0227     | 0.4754
  726   | 0.5020    | 0.0227     | 0.4754
  727   | 0.5020    | 0.0227     | 0.4754
  728   | 0.5020    | 0.0227     | 0.4754
  729   | 0.5020    | 0.0227     | 0.4754
  730   | 0.5020    | 0.0227     | 0.4754
  731   | 0.5020    | 0.0227     | 0.4754
  732   | 0.5020    | 0.0227     | 0.4754
  733   | 0.5020    | 0.0227     | 0.4754
  734   | 0.5020    | 0.0227     | 0.4754
  735   | 0.5020    | 0.0227     | 0.4754
  736   | 0.5020    | 0.0227     | 0.4754
  737   | 0.5020    | 0.0227     | 0.4754
  738   | 0.5020    | 0.0227     | 0.4754
  739   | 0.5020    | 0.0227     | 0.4754
  740   | 0.5020    | 0.0227     | 0.4754
  741   | 0.5020    | 0.0227     | 0.4754
  742   | 0.5020    | 0.0227     | 0.4754
  743   | 0.5020    | 0.0227     | 0.4754
  744   | 0.5020    | 0.0227     | 0.4754
  745   | 0.5020    | 0.0227     | 0.4754
  746   | 0.5020    | 0.0227     | 0.4754
  747   | 0.5020    | 0.0227     | 0.4754
  748   | 0.5020    | 0.0227     | 0.4754
  749   | 0.5020    | 0.0227     | 0.4754
  750   | 0.5020    | 0.0227     | 0.4754
  751   | 0.5020    | 0.0227     | 0.4754
  752   | 0.5020    | 0.0227     | 0.4754
  753   | 0.5020    | 0.0227     | 0.4754
  754   | 0.5020    | 0.0227     | 0.4754
  755   | 0.5020    | 0.0227     | 0.4754
  756   | 0.5020    | 0.0227     | 0.4754
  757   | 0.5020    | 0.0227     | 0.4754
  758   | 0.5020    | 0.0227     | 0.4754
  759   | 0.5020    | 0.0227     | 0.4754
  760   | 0.5020    | 0.0227     | 0.4754
  761   | 0.5020    | 0.0227     | 0.4754
  762   | 0.5020    | 0.0227     | 0.4754
  763   | 0.5020    | 0.0227     | 0.4754
  764   | 0.5020    | 0.0227     | 0.4754
  765   | 0.5020    | 0.0227     | 0.4754
  766   | 0.5020    | 0.0227     | 0.4754
  767   | 0.5020    | 0.0227     | 0.4754
  768   | 0.5020    | 0.0227     | 0.4754
  769   | 0.5020    | 0.0227     | 0.4754
  770   | 0.5020    | 0.0227     | 0.4754
  771   | 0.5020    | 0.0227     | 0.4754
  772   | 0.5020    | 0.0227     | 0.4754
  773   | 0.5020    | 0.0227     | 0.4754
  774   | 0.5020    | 0.0227     | 0.4754
  775   | 0.5020    | 0.0227     | 0.4754
  776   | 0.5020    | 0.0227     | 0.4754
  777   | 0.5020    | 0.0227     | 0.4754
  778   | 0.5020    | 0.0227     | 0.4754
  779   | 0.5020    | 0.0227     | 0.4754
  780   | 0.4658    | 0.0638     | 0.4704
  781   | 0.4658    | 0.0638     | 0.4704
  782   | 0.4658    | 0.0638     | 0.4704
  783   | 0.4658    | 0.0638     | 0.4704
  784   | 0.4658    | 0.0638     | 0.4704
  785   | 0.4658    | 0.0638     | 0.4704
  786   | 0.4658    | 0.0638     | 0.4704
  787   | 0.4658    | 0.0638     | 0.4704
  788   | 0.4658    | 0.0638     | 0.4704
  789   | 0.4658    | 0.0638     | 0.4704
  790   | 0.4658    | 0.0638     | 0.4704
  791   | 0.4658    | 0.0638     | 0.4704
  792   | 0.4658    | 0.0638     | 0.4704
  793   | 0.4658    | 0.0638     | 0.4704
  794   | 0.4658    | 0.0638     | 0.4704
  795   | 0.4658    | 0.0638     | 0.4704
  796   | 0.4658    | 0.0638     | 0.4704
  797   | 0.4658    | 0.0638     | 0.4704
  798   | 0.4658    | 0.0638     | 0.4704
  799   | 0.4658    | 0.0638     | 0.4704
  800   | 0.4658    | 0.0638     | 0.4704
  801   | 0.4658    | 0.0638     | 0.4704
  802   | 0.4658    | 0.0638     | 0.4704
  803   | 0.4658    | 0.0638     | 0.4704
  804   | 0.4658    | 0.0638     | 0.4704
  805   | 0.4658    | 0.0638     | 0.4704
  806   | 0.4658    | 0.0638     | 0.4704
  807   | 0.4658    | 0.0638     | 0.4704
  808   | 0.4658    | 0.0638     | 0.4704
  809   | 0.4658    | 0.0638     | 0.4704
  810   | 0.4658    | 0.0638     | 0.4704
  811   | 0.4658    | 0.0638     | 0.4704
  812   | 0.4658    | 0.0638     | 0.4704
  813   | 0.4658    | 0.0638     | 0.4704
  814   | 0.4658    | 0.0638     | 0.4704
  815   | 0.4658    | 0.0638     | 0.4704
  816   | 0.4658    | 0.0638     | 0.4704
  817   | 0.4658    | 0.0638     | 0.4704
  818   | 0.4658    | 0.0638     | 0.4704
  819   | 0.4658    | 0.0638     | 0.4704
  820   | 0.4658    | 0.0638     | 0.4704
  821   | 0.4658    | 0.0638     | 0.4704
  822   | 0.4658    | 0.0638     | 0.4704
  823   | 0.4658    | 0.0638     | 0.4704
  824   | 0.4658    | 0.0638     | 0.4704
  825   | 0.4658    | 0.0638     | 0.4704
  826   | 0.4658    | 0.0638     | 0.4704
  827   | 0.4658    | 0.0638     | 0.4704
  828   | 0.4658    | 0.0638     | 0.4704
  829   | 0.4658    | 0.0638     | 0.4704
  830   | 0.4658    | 0.0638     | 0.4704
  831   | 0.4658    | 0.0638     | 0.4704
  832   | 0.4658    | 0.0638     | 0.4704
  833   | 0.4658    | 0.0638     | 0.4704
  834   | 0.4658    | 0.0638     | 0.4704
  835   | 0.4658    | 0.0638     | 0.4704
  836   | 0.4658    | 0.0638     | 0.4704
  837   | 0.4658    | 0.0638     | 0.4704
  838   | 0.4658    | 0.0638     | 0.4704
  839   | 0.4658    | 0.0638     | 0.4704
  840   | 0.4658    | 0.0638     | 0.4704
  841   | 0.4658    | 0.0638     | 0.4704
  842   | 0.4658    | 0.0638     | 0.4704
  843   | 0.4658    | 0.0638     | 0.4704
  844   | 0.4658    | 0.0638     | 0.4704
  845   | 0.4658    | 0.0638     | 0.4704
  846   | 0.4658    | 0.0638     | 0.4704
  847   | 0.4658    | 0.0638     | 0.4704
  848   | 0.4658    | 0.0638     | 0.4704
  849   | 0.4658    | 0.0638     | 0.4704
  850   | 0.4658    | 0.0638     | 0.4704
  851   | 0.4658    | 0.0638     | 0.4704
  852   | 0.4658    | 0.0638     | 0.4704
  853   | 0.4658    | 0.0638     | 0.4704
  854   | 0.4658    | 0.0638     | 0.4704
  855   | 0.4658    | 0.0638     | 0.4704
  856   | 0.4658    | 0.0638     | 0.4704
  857   | 0.4658    | 0.0638     | 0.4704
  858   | 0.4658    | 0.0638     | 0.4704
  859   | 0.4658    | 0.0638     | 0.4704
  860   | 0.4658    | 0.0638     | 0.4704
  861   | 0.4658    | 0.0638     | 0.4704
  862   | 0.4658    | 0.0638     | 0.4704
  863   | 0.4658    | 0.0638     | 0.4704
  864   | 0.4658    | 0.0638     | 0.4704
  865   | 0.4658    | 0.0638     | 0.4704
  866   | 0.4658    | 0.0638     | 0.4704
  867   | 0.4658    | 0.0638     | 0.4704
  868   | 0.4658    | 0.0638     | 0.4704
  869   | 0.4658    | 0.0638     | 0.4704
  870   | 0.4658    | 0.0638     | 0.4704
  871   | 0.4658    | 0.0638     | 0.4704
  872   | 0.4658    | 0.0638     | 0.4704
  873   | 0.4658    | 0.0638     | 0.4704
  874   | 0.4658    | 0.0638     | 0.4704
  875   | 0.4658    | 0.0638     | 0.4704
  876   | 0.4658    | 0.0638     | 0.4704
  877   | 0.4658    | 0.0638     | 0.4704
  878   | 0.4658    | 0.0638     | 0.4704
  879   | 0.4658    | 0.0638     | 0.4704
  880   | 0.4658    | 0.0638     | 0.4704
  881   | 0.4658    | 0.0638     | 0.4704
  882   | 0.4658    | 0.0638     | 0.4704
  883   | 0.4658    | 0.0638     | 0.4704
  884   | 0.4658    | 0.0638     | 0.4704
  885   | 0.4658    | 0.0638     | 0.4704
  886   | 0.4658    | 0.0638     | 0.4704
  887   | 0.4658    | 0.0638     | 0.4704
  888   | 0.4658    | 0.0638     | 0.4704
  889   | 0.4658    | 0.0638     | 0.4704
  890   | 0.4658    | 0.0638     | 0.4704
  891   | 0.4658    | 0.0638     | 0.4704
  892   | 0.4658    | 0.0638     | 0.4704
  893   | 0.4658    | 0.0638     | 0.4704
  894   | 0.4658    | 0.0638     | 0.4704
  895   | 0.4658    | 0.0638     | 0.4704
  896   | 0.4658    | 0.0638     | 0.4704
  897   | 0.4658    | 0.0638     | 0.4704
  898   | 0.4658    | 0.0638     | 0.4704
  899   | 0.4658    | 0.0638     | 0.4704
  900   | 0.4658    | 0.0638     | 0.4704
  901   | 0.4658    | 0.0638     | 0.4704
  902   | 0.4658    | 0.0638     | 0.4704
  903   | 0.4658    | 0.0638     | 0.4704
  904   | 0.4658    | 0.0638     | 0.4704
  905   | 0.4658    | 0.0638     | 0.4704
  906   | 0.4658    | 0.0638     | 0.4704
  907   | 0.4658    | 0.0638     | 0.4704
  908   | 0.4658    | 0.0638     | 0.4704
  909   | 0.4658    | 0.0638     | 0.4704
  910   | 0.4658    | 0.0638     | 0.4704
  911   | 0.4658    | 0.0638     | 0.4704
  912   | 0.4658    | 0.0638     | 0.4704
  913   | 0.4658    | 0.0638     | 0.4704
  914   | 0.4658    | 0.0638     | 0.4704
  915   | 0.4658    | 0.0638     | 0.4704
  916   | 0.4658    | 0.0638     | 0.4704
  917   | 0.4658    | 0.0638     | 0.4704
  918   | 0.4658    | 0.0638     | 0.4704
  919   | 0.4658    | 0.0638     | 0.4704
  920   | 0.4658    | 0.0638     | 0.4704
  921   | 0.4658    | 0.0638     | 0.4704
  922   | 0.4658    | 0.0638     | 0.4704
  923   | 0.4658    | 0.0638     | 0.4704
  924   | 0.4658    | 0.0638     | 0.4704
  925   | 0.4658    | 0.0638     | 0.4704
  926   | 0.4658    | 0.0638     | 0.4704
  927   | 0.4658    | 0.0638     | 0.4704
  928   | 0.4658    | 0.0638     | 0.4704
  929   | 0.4658    | 0.0638     | 0.4704
  930   | 0.4658    | 0.0638     | 0.4704
  931   | 0.4658    | 0.0638     | 0.4704
  932   | 0.4658    | 0.0638     | 0.4704
  933   | 0.4658    | 0.0638     | 0.4704
  934   | 0.4658    | 0.0638     | 0.4704
  935   | 0.4658    | 0.0638     | 0.4704
  936   | 0.4658    | 0.0638     | 0.4704
  937   | 0.4658    | 0.0638     | 0.4704
  938   | 0.4658    | 0.0638     | 0.4704
  939   | 0.4658    | 0.0638     | 0.4704
  940   | 0.4658    | 0.0638     | 0.4704
  941   | 0.4658    | 0.0638     | 0.4704
  942   | 0.4658    | 0.0638     | 0.4704
  943   | 0.4658    | 0.0638     | 0.4704
  944   | 0.4658    | 0.0638     | 0.4704
  945   | 0.4658    | 0.0638     | 0.4704
  946   | 0.4658    | 0.0638     | 0.4704
  947   | 0.4658    | 0.0638     | 0.4704
  948   | 0.4658    | 0.0638     | 0.4704
  949   | 0.4658    | 0.0638     | 0.4704
  950   | 0.4658    | 0.0638     | 0.4704
  951   | 0.4658    | 0.0638     | 0.4704
  952   | 0.4658    | 0.0638     | 0.4704
  953   | 0.4658    | 0.0638     | 0.4704
  954   | 0.4658    | 0.0638     | 0.4704
  955   | 0.4658    | 0.0638     | 0.4704
  956   | 0.4658    | 0.0638     | 0.4704
  957   | 0.4658    | 0.0638     | 0.4704
  958   | 0.4658    | 0.0638     | 0.4704
  959   | 0.4658    | 0.0638     | 0.4704
  960   | 0.4658    | 0.0638     | 0.4704
  961   | 0.4658    | 0.0638     | 0.4704
  962   | 0.4658    | 0.0638     | 0.4704
  963   | 0.4658    | 0.0638     | 0.4704
  964   | 0.4658    | 0.0638     | 0.4704
  965   | 0.4658    | 0.0638     | 0.4704
  966   | 0.4658    | 0.0638     | 0.4704
  967   | 0.4658    | 0.0638     | 0.4704
  968   | 0.4658    | 0.0638     | 0.4704
  969   | 0.4658    | 0.0638     | 0.4704
  970   | 0.4658    | 0.0638     | 0.4704
  971   | 0.4658    | 0.0638     | 0.4704
  972   | 0.4658    | 0.0638     | 0.4704
  973   | 0.4658    | 0.0638     | 0.4704
  974   | 0.4658    | 0.0638     | 0.4704
  975   | 0.4658    | 0.0638     | 0.4704
  976   | 0.4658    | 0.0638     | 0.4704
  977   | 0.4658    | 0.0638     | 0.4704
  978   | 0.4658    | 0.0638     | 0.4704
  979   | 0.4658    | 0.0638     | 0.4704
  980   | 0.4658    | 0.0638     | 0.4704
  981   | 0.4658    | 0.0638     | 0.4704
  982   | 0.4658    | 0.0638     | 0.4704
  983   | 0.4658    | 0.0638     | 0.4704
  984   | 0.4658    | 0.0638     | 0.4704
  985   | 0.4658    | 0.0638     | 0.4704
  986   | 0.4658    | 0.0638     | 0.4704
  987   | 0.4658    | 0.0638     | 0.4704
  988   | 0.4658    | 0.0638     | 0.4704
  989   | 0.4658    | 0.0638     | 0.4704
  990   | 0.4658    | 0.0638     | 0.4704
  991   | 0.4658    | 0.0638     | 0.4704
  992   | 0.4658    | 0.0638     | 0.4704
  993   | 0.4658    | 0.0638     | 0.4704
  994   | 0.4658    | 0.0638     | 0.4704
  995   | 0.4658    | 0.0638     | 0.4704
  996   | 0.4658    | 0.0638     | 0.4704
  997   | 0.4658    | 0.0638     | 0.4704
  998   | 0.4658    | 0.0638     | 0.4704
  999   | 0.4658    | 0.0638     | 0.4704
  1000   | 0.4658    | 0.0638     | 0.4704
  1001   | 0.4658    | 0.0638     | 0.4704
  1002   | 0.4658    | 0.0638     | 0.4704
  1003   | 0.4658    | 0.0638     | 0.4704
  1004   | 0.4658    | 0.0638     | 0.4704
  1005   | 0.4658    | 0.0638     | 0.4704
  1006   | 0.4658    | 0.0638     | 0.4704
  1007   | 0.4658    | 0.0638     | 0.4704
  1008   | 0.4658    | 0.0638     | 0.4704
  1009   | 0.4658    | 0.0638     | 0.4704
  1010   | 0.4658    | 0.0638     | 0.4704
  1011   | 0.4658    | 0.0638     | 0.4704
  1012   | 0.4658    | 0.0638     | 0.4704
  1013   | 0.4658    | 0.0638     | 0.4704
  1014   | 0.4658    | 0.0638     | 0.4704
  1015   | 0.4658    | 0.0638     | 0.4704
  1016   | 0.4658    | 0.0638     | 0.4704
  1017   | 0.4658    | 0.0638     | 0.4704
  1018   | 0.4658    | 0.0638     | 0.4704
  1019   | 0.4658    | 0.0638     | 0.4704
  1020   | 0.4658    | 0.0638     | 0.4704
  1021   | 0.4658    | 0.0638     | 0.4704
  1022   | 0.4658    | 0.0638     | 0.4704
  1023   | 0.4658    | 0.0638     | 0.4704
  1024   | 0.4658    | 0.0638     | 0.4704
  1025   | 0.4658    | 0.0638     | 0.4704
  1026   | 0.4658    | 0.0638     | 0.4704
  1027   | 0.4658    | 0.0638     | 0.4704
  1028   | 0.4658    | 0.0638     | 0.4704
  1029   | 0.4658    | 0.0638     | 0.4704
  1030   | 0.4658    | 0.0638     | 0.4704
  1031   | 0.4658    | 0.0638     | 0.4704
  1032   | 0.4658    | 0.0638     | 0.4704
  1033   | 0.4658    | 0.0638     | 0.4704
  1034   | 0.4658    | 0.0638     | 0.4704
  1035   | 0.4658    | 0.0638     | 0.4704
  1036   | 0.4658    | 0.0638     | 0.4704
  1037   | 0.4658    | 0.0638     | 0.4704
  1038   | 0.4658    | 0.0638     | 0.4704
  1039   | 0.4658    | 0.0638     | 0.4704
  1040   | 0.4347    | 0.0163     | 0.5490
  1041   | 0.4347    | 0.0163     | 0.5490
  1042   | 0.4347    | 0.0163     | 0.5490
  1043   | 0.4347    | 0.0163     | 0.5490
  1044   | 0.4347    | 0.0163     | 0.5490
  1045   | 0.4347    | 0.0163     | 0.5490
  1046   | 0.4347    | 0.0163     | 0.5490
  1047   | 0.4347    | 0.0163     | 0.5490
  1048   | 0.4347    | 0.0163     | 0.5490
  1049   | 0.4347    | 0.0163     | 0.5490
  1050   | 0.4347    | 0.0163     | 0.5490
  1051   | 0.4347    | 0.0163     | 0.5490
  1052   | 0.4347    | 0.0163     | 0.5490
  1053   | 0.4347    | 0.0163     | 0.5490
  1054   | 0.4347    | 0.0163     | 0.5490
  1055   | 0.4347    | 0.0163     | 0.5490
  1056   | 0.4347    | 0.0163     | 0.5490
  1057   | 0.4347    | 0.0163     | 0.5490
  1058   | 0.4347    | 0.0163     | 0.5490
  1059   | 0.4347    | 0.0163     | 0.5490
  1060   | 0.4347    | 0.0163     | 0.5490
  1061   | 0.4347    | 0.0163     | 0.5490
  1062   | 0.4347    | 0.0163     | 0.5490
  1063   | 0.4347    | 0.0163     | 0.5490
  1064   | 0.4347    | 0.0163     | 0.5490
  1065   | 0.4347    | 0.0163     | 0.5490
  1066   | 0.4347    | 0.0163     | 0.5490
  1067   | 0.4347    | 0.0163     | 0.5490
  1068   | 0.4347    | 0.0163     | 0.5490
  1069   | 0.4347    | 0.0163     | 0.5490
  1070   | 0.4347    | 0.0163     | 0.5490
  1071   | 0.4347    | 0.0163     | 0.5490
  1072   | 0.4347    | 0.0163     | 0.5490
  1073   | 0.4347    | 0.0163     | 0.5490
  1074   | 0.4347    | 0.0163     | 0.5490
  1075   | 0.4347    | 0.0163     | 0.5490
  1076   | 0.4347    | 0.0163     | 0.5490
  1077   | 0.4347    | 0.0163     | 0.5490
  1078   | 0.4347    | 0.0163     | 0.5490
  1079   | 0.4347    | 0.0163     | 0.5490
  1080   | 0.4347    | 0.0163     | 0.5490
  1081   | 0.4347    | 0.0163     | 0.5490
  1082   | 0.4347    | 0.0163     | 0.5490
  1083   | 0.4347    | 0.0163     | 0.5490
  1084   | 0.4347    | 0.0163     | 0.5490
  1085   | 0.4347    | 0.0163     | 0.5490
  1086   | 0.4347    | 0.0163     | 0.5490
  1087   | 0.4347    | 0.0163     | 0.5490
  1088   | 0.4347    | 0.0163     | 0.5490
  1089   | 0.4347    | 0.0163     | 0.5490
  1090   | 0.4347    | 0.0163     | 0.5490
  1091   | 0.4347    | 0.0163     | 0.5490
  1092   | 0.4347    | 0.0163     | 0.5490
  1093   | 0.4347    | 0.0163     | 0.5490
  1094   | 0.4347    | 0.0163     | 0.5490
  1095   | 0.4347    | 0.0163     | 0.5490
  1096   | 0.4347    | 0.0163     | 0.5490
  1097   | 0.4347    | 0.0163     | 0.5490
  1098   | 0.4347    | 0.0163     | 0.5490
  1099   | 0.4347    | 0.0163     | 0.5490
  1100   | 0.4347    | 0.0163     | 0.5490
  1101   | 0.4347    | 0.0163     | 0.5490
  1102   | 0.4347    | 0.0163     | 0.5490
  1103   | 0.4347    | 0.0163     | 0.5490
  1104   | 0.4347    | 0.0163     | 0.5490
  1105   | 0.4347    | 0.0163     | 0.5490
  1106   | 0.4347    | 0.0163     | 0.5490
  1107   | 0.4347    | 0.0163     | 0.5490
  1108   | 0.4347    | 0.0163     | 0.5490
  1109   | 0.4347    | 0.0163     | 0.5490
  1110   | 0.4347    | 0.0163     | 0.5490
  1111   | 0.4347    | 0.0163     | 0.5490
  1112   | 0.4347    | 0.0163     | 0.5490
  1113   | 0.4347    | 0.0163     | 0.5490
  1114   | 0.4347    | 0.0163     | 0.5490
  1115   | 0.4347    | 0.0163     | 0.5490
  1116   | 0.4347    | 0.0163     | 0.5490
  1117   | 0.4347    | 0.0163     | 0.5490
  1118   | 0.4347    | 0.0163     | 0.5490
  1119   | 0.4347    | 0.0163     | 0.5490
  1120   | 0.4347    | 0.0163     | 0.5490
  1121   | 0.4347    | 0.0163     | 0.5490
  1122   | 0.4347    | 0.0163     | 0.5490
  1123   | 0.4347    | 0.0163     | 0.5490
  1124   | 0.4347    | 0.0163     | 0.5490
  1125   | 0.4347    | 0.0163     | 0.5490
  1126   | 0.4347    | 0.0163     | 0.5490
  1127   | 0.4347    | 0.0163     | 0.5490
  1128   | 0.4347    | 0.0163     | 0.5490
  1129   | 0.4347    | 0.0163     | 0.5490
  1130   | 0.4347    | 0.0163     | 0.5490
  1131   | 0.4347    | 0.0163     | 0.5490
  1132   | 0.4347    | 0.0163     | 0.5490
  1133   | 0.4347    | 0.0163     | 0.5490
  1134   | 0.4347    | 0.0163     | 0.5490
  1135   | 0.4347    | 0.0163     | 0.5490
  1136   | 0.4347    | 0.0163     | 0.5490
  1137   | 0.4347    | 0.0163     | 0.5490
  1138   | 0.4347    | 0.0163     | 0.5490
  1139   | 0.4347    | 0.0163     | 0.5490
  1140   | 0.4347    | 0.0163     | 0.5490
  1141   | 0.4347    | 0.0163     | 0.5490
  1142   | 0.4347    | 0.0163     | 0.5490
  1143   | 0.4347    | 0.0163     | 0.5490
  1144   | 0.4347    | 0.0163     | 0.5490
  1145   | 0.4347    | 0.0163     | 0.5490
  1146   | 0.4347    | 0.0163     | 0.5490
  1147   | 0.4347    | 0.0163     | 0.5490
  1148   | 0.4347    | 0.0163     | 0.5490
  1149   | 0.4347    | 0.0163     | 0.5490
  1150   | 0.4347    | 0.0163     | 0.5490
  1151   | 0.4347    | 0.0163     | 0.5490
  1152   | 0.4347    | 0.0163     | 0.5490
  1153   | 0.4347    | 0.0163     | 0.5490
  1154   | 0.4347    | 0.0163     | 0.5490
  1155   | 0.4347    | 0.0163     | 0.5490
  1156   | 0.4347    | 0.0163     | 0.5490
  1157   | 0.4347    | 0.0163     | 0.5490
  1158   | 0.4347    | 0.0163     | 0.5490
  1159   | 0.4347    | 0.0163     | 0.5490
  1160   | 0.4347    | 0.0163     | 0.5490
  1161   | 0.4347    | 0.0163     | 0.5490
  1162   | 0.4347    | 0.0163     | 0.5490
  1163   | 0.4347    | 0.0163     | 0.5490
  1164   | 0.4347    | 0.0163     | 0.5490
  1165   | 0.4347    | 0.0163     | 0.5490
Mean  | 0.4683    | 0.0432     | 0.4885

Weight | Mean    | Std     | Min     | Max
-------|---------|---------|---------|---------
α (Technical) | 0.4683 | 0.0261 | 0.4203 | 0.5020
β (Macro)    | 0.0432 | 0.0283 | 0.0158 | 0.1606
γ (News)     | 0.4885 | 0.0234 | 0.4191 | 0.5490

Overall: mean=0.5321, std=0.0351
DOWN actual: n=532, mean=0.5347, std=0.0348
UP actual:   n=634, mean=0.5299, std=0.0352
UP recall (pred>0.5): 0.8738
DOWN recall (pred<0.5): 0.0865

OK: thesis model architecture verified
OK: leak-free single-notebook run passed

======================================================================
MSDL-JCI: Multi-Source Deep Learning for JCI Direction Prediction
Thesis Defense Summary Report
======================================================================

--- Model Architecture (Table 5) ---
Technical branch:  LSTM(hidden=64, lookback=28, dropout=0.2)
Macro branch:      MLP Encoder(3→32→16, ReLU)
News branch:       Frozen IndoBERT(768→64 projection)
Fusion:            Adaptive MLP Fusion(Soft Gating)
Gate input dim:    144 (64+16+64)
Gate output dim:   3 (α, β, γ)
Head:              Linear(64→1, BCEWithLogitsLoss)

--- Data Summary ---
Rows:              1852
Samples:           1820 (lookback=28, horizon=5)
Date range:        2018-05-31 → 2025-12-12
Label balance:     UP=55.3%, DOWN=44.7%

--- Walk-Forward Results (5 splits, expanding window) ---
Fold |    AUC |    Acc |     F1 |    N
----------------------------------------
   0 | 0.4386 | 0.5000 | 0.6667 |  260
   1 | 0.5258 | 0.5654 | 0.7224 |  260
   2 | 0.5137 | 0.5269 | 0.6902 |  260
   3 | 0.6107 | 0.5385 | 0.7000 |  260
   4 | 0.4954 | 0.3651 | 0.0000 |  126
----------------------------------------
Mean | 0.5168 | 0.4992 | 0.5558 |

--- Gate Weights (α, β, γ) Summary ---
Technical (α): mean=0.4683, std=0.0261
Macro (β):     mean=0.0432, std=0.0283
News (γ):      mean=0.4885, std=0.0234

--- Key Findings ---
1. Dominant modality: News (γ) (mean weight=0.4885)
2. Model uses adaptive gating to weight modalities per fold
3. Walk-forward AUC=0.4730, Acc=0.5146, F1=0.6619
4. No training performed (random init) — results are baseline/placeholder
5. News fallback: zero vectors (IndoBERT gated, no signal)

======================================================================
Note: This is a leak-free pipeline skeleton. Training, baselines,
and ablation studies are per issues #23, #24, #25.
======================================================================

